00 0E 00 03 00 00 00 02 00 00
00 0E 00 03 00 03 00 02 00 03
00 0E 00 03 00 04 00 02 00 04
00 0E 00 03 00 07 00 02 00 07
00 0E 00 03 00 08 00 02 00 08
00 0E 00 03 00 09 00 02 00 09
00 0E 00 03 00 0A 00 02 00 0A
00 0E 00 03 00 0B 00 02 00 0B
00 0E 00 03 00 0D 00 02 00 0D
00 0E 00 03 00 0F 00 02 00 0F
00 0E 00 03 00 10 00 02 00 10
00 0E 00 03 00 11 00 02 00 11
00 0E 00 03 00 12 00 02 00 12
00 0E 00 03 00 15 00 02 00 15
00 0E 00 03 00 1A 00 02 00 1A
00 0E 00 03 00 1B 00 02 00 1B
00 0E 00 03 00 1C 00 02 00 1C
00 0E 00 03 00 1D 00 02 00 1D
00 0E 00 03 00 1E 00 02 00 1E
00 0E 00 03 00 1F 00 02 00 1F
00 0E 00 03 00 20 00 02 00 20
00 0E 00 03 00 21 00 02 00 21
00 0E 00 03 00 23 00 02 00 23
00 0E 00 03 00 25 00 02 00 25
00 0E 00 03 00 27 00 02 00 27
00 0E 00 03 00 28 00 02 00 28
00 0E 00 03 00 29 00 02 00 29
00 0E 00 03 00 2B 00 02 00 2B
00 0E 00 03 00 2C 00 02 00 31
00 0E 00 03 00 2D 00 02 00 32
00 0E 00 03 00 2E 00 02 00 33
00 0E 00 03 00 2F 00 02 00 34
00 0E 00 03 00 32 00 02 00 37
00 0E 00 03 00 33 00 02 00 38
00 0E 00 03 00 34 00 02 00 39
00 0E 00 03 00 35 00 02 00 3A
00 0E 00 03 00 36 00 02 00 3B
00 0E 00 03 00 37 00 02 00 3C
00 0E 00 03 00 3D 00 02 00 42
00 0E 00 03 00 3F 00 02 00 44
00 0E 00 03 00 41 00 02 00 46
00 0E 00 03 00 42 00 02 00 47
00 0E 00 03 00 43 00 02 00 48
00 0E 00 03 00 46 00 02 00 4B
00 0E 00 03 00 47 00 02 00 4C
00 0E 00 03 00 49 00 02 00 50
00 0E 00 03 00 4A 00 02 00 52
00 0E 00 03 00 4C 00 02 00 54
00 0E 00 03 00 4D 00 02 00 55
00 0E 00 03 00 4E 00 02 00 56
00 0E 00 03 00 4F 00 02 00 57
00 0E 00 03 00 50 00 02 00 58
00 0E 00 03 00 51 00 02 00 59
00 0E 00 03 00 53 00 02 00 5B
00 0E 00 03 00 54 00 02 00 5C
00 0E 00 03 00 55 00 02 00 5E
00 0E 00 03 00 58 00 02 00 63
00 0E 00 03 00 5A 00 02 00 65
00 0E 00 03 00 5C 00 02 00 67
00 0E 00 03 00 5D 00 02 00 68
FF FF  FF FF FF FF FF FF FF FF
00 0E 00 03 00 00 00 02 00 00
00 0E 00 03 00 01 00 02 00 01
00 0E 00 03 00 02 00 02 00 02
00 0E 00 03 00 03 00 02 00 03
00 0E 00 03 00 04 00 02 00 04
00 0E 00 03 00 07 00 02 00 07
00 0E 00 03 00 08 00 02 00 08
00 0E 00 03 00 09 00 02 00 09
00 0E 00 03 00 0A 00 02 00 0A
00 0E 00 03 00 0B 00 02 00 0B
00 0E 00 03 00 0D 00 02 00 0D
00 0E 00 03 00 0F 00 02 00 0F
00 0E 00 03 00 10 00 02 00 10
00 0E 00 03 00 11 00 02 00 11
00 0E 00 03 00 12 00 02 00 12
00 0E 00 03 00 13 00 02 00 13
00 0E 00 03 00 15 00 02 00 15
00 0E 00 03 00 17 00 02 00 17
00 0E 00 03 00 18 00 02 00 18
00 0E 00 03 00 19 00 02 00 19
00 0E 00 03 00 1A 00 02 00 1A
00 0E 00 03 00 1B 00 02 00 1B
00 0E 00 03 00 1C 00 02 00 1C
00 0E 00 03 00 1D 00 02 00 1D
00 0E 00 03 00 1E 00 02 00 1E
00 0E 00 03 00 1F 00 02 00 1F
00 0E 00 03 00 20 00 02 00 20
00 0E 00 03 00 21 00 02 00 21
00 0E 00 03 00 23 00 02 00 23
00 0E 00 03 00 25 00 02 00 25
00 0E 00 03 00 27 00 02 00 27
00 0E 00 03 00 28 00 02 00 28
00 0E 00 03 00 29 00 02 00 29
00 0E 00 03 00 2B 00 02 00 2B
00 0E 00 03 00 2C 00 02 00 31
00 0E 00 03 00 2D 00 02 00 32
00 0E 00 03 00 2E 00 02 00 33
00 0E 00 03 00 2F 00 02 00 34
00 0E 00 03 00 32 00 02 00 37
00 0E 00 03 00 33 00 02 00 38
00 0E 00 03 00 34 00 02 00 39
00 0E 00 03 00 35 00 02 00 3A
00 0E 00 03 00 36 00 02 00 3B
00 0E 00 03 00 37 00 02 00 3C
00 0E 00 03 00 3D 00 02 00 42
00 0E 00 03 00 3F 00 02 00 44
00 0E 00 03 00 41 00 02 00 46
00 0E 00 03 00 42 00 02 00 47
00 0E 00 03 00 43 00 02 00 48
00 0E 00 03 00 44 00 02 00 49
00 0E 00 03 00 45 00 02 00 4A
00 0E 00 03 00 46 00 02 00 4B
00 0E 00 03 00 47 00 02 00 4C